== Full BLAKE3 per-bit hash ==
[(0.00, 0.00), (1.00, 1.00), (0.49, 1.00), (0.40, 1.00), (0.28, 1.00), (0.21, 0.76), (0.14, 0.63), (0.10, 0.44), (0.07, 0.31), (0.05, 0.24), (0.04, 0.18), (0.03, 0.13), (0.02, 0.09), (0.02, 0.08), (0.01, 0.06), (0.01, 0.05), (0.01, 0.04), (0.01, 0.05), (0.01, 0.05), (0.01, 0.05), (0.01, 0.04), (0.01, 0.05), (0.01, 0.04), (0.01, 0.05), (0.01, 0.04), (0.01, 0.04), (0.01, 0.04), (0.01, 0.04), (0.01, 0.04), (0.01, 0.04), (0.01, 0.04), (0.01, 0.05)]
Bias: (avg 0.025 | avg_max 0.247 | one_bit 5)

=============================================

== Current best, using the constants [0xc02cbd2a, 0x2572fcb5] with the v4 hash.
[(0.00, 0.00), (1.00, 1.00), (0.97, 1.00), (0.39, 0.27), (0.28, 0.26), (0.22, 0.25), (0.11, 0.07), (0.05, 0.06), (0.04, 0.02), (0.01, 0.01), (0.01, 0.01), (0.01, 0.01), (0.01, 0.01), (0.01, 0.01), (0.01, 0.01), (0.01, 0.02), (0.01, 0.02), (0.01, 0.02), (0.01, 0.01), (0.01, 0.02), (0.01, 0.02), (0.01, 0.02), (0.01, 0.02), (0.01, 0.02), (0.01, 0.02), (0.01, 0.02), (0.01, 0.02), (0.01, 0.02), (0.01, 0.02), (0.01, 0.02), (0.01, 0.01), (0.01, 0.02)]
Bias: (avg 0.104 | avg_max 0.106 | one_bit 3)


